0	0	516495.920731
0	1000000	103923.030145
1000000	1000000	470419.647328
0	2000000	18485.839223
1000000	2000000	96609.816346
2000000	2000000	499240.048807
0	3000000	15338.161378
1000000	3000000	27098.610295
2000000	3000000	92345.462386
3000000	3000000	449153.318005
0	4000000	11905.667444
1000000	4000000	16142.072309
2000000	4000000	20506.461794
3000000	4000000	94990.411736
4000000	4000000	431733.601262
0	5000000	8926.934753
1000000	5000000	8859.573444
2000000	5000000	9081.426563
3000000	5000000	24962.390855
4000000	5000000	104638.274908
5000000	5000000	445588.671934
0	6000000	6918.483405
1000000	6000000	7676.707475
2000000	6000000	8702.919656
3000000	6000000	13141.319174
4000000	6000000	22233.568410
5000000	6000000	79497.107557
6000000	6000000	487021.810148
0	7000000	6249.667296
1000000	7000000	6447.061540
2000000	7000000	6897.246915
3000000	7000000	8936.120722
4000000	7000000	12464.283897
5000000	7000000	18902.190756
6000000	7000000	83065.223075
7000000	7000000	486610.175357
0	8000000	6636.707265
1000000	8000000	4233.497275
2000000	8000000	3906.778026
3000000	8000000	6380.205564
4000000	8000000	8341.249899
5000000	8000000	12762.781085
6000000	8000000	16773.446957
7000000	8000000	70999.716396
8000000	8000000	398765.152094
0	9000000	5125.175349
1000000	9000000	2145.912114
2000000	9000000	2367.121799
3000000	9000000	3222.432586
4000000	9000000	3482.500350
5000000	9000000	5738.964956
6000000	9000000	5468.319807
7000000	9000000	8346.679526
8000000	9000000	64795.944291
9000000	9000000	391595.179511
0	10000000	6174.287779
1000000	10000000	5986.901284
2000000	10000000	5203.745260
3000000	10000000	5914.759591
4000000	10000000	7166.275613
5000000	10000000	6716.185169
6000000	10000000	8768.811365
7000000	10000000	14025.617979
8000000	10000000	23799.215889
9000000	10000000	48686.600960
10000000	10000000	466011.808394
0	11000000	4956.765198
1000000	11000000	5052.965905
2000000	11000000	5403.941893
3000000	11000000	5531.068589
4000000	11000000	6120.405817
5000000	11000000	5015.911683
6000000	11000000	6904.885636
7000000	11000000	9093.180659
8000000	11000000	9739.031096
9000000	11000000	13602.322890
10000000	11000000	67693.029895
11000000	11000000	439755.944357
0	12000000	4424.967513
1000000	12000000	3967.510112
2000000	12000000	5032.350902
3000000	12000000	4028.383056
4000000	12000000	4019.198515
5000000	12000000	3241.462482
6000000	12000000	5223.308094
7000000	12000000	6012.051545
8000000	12000000	6760.255059
9000000	12000000	14164.414611
10000000	12000000	14127.050549
11000000	12000000	112108.356466
12000000	12000000	461364.386903
0	13000000	5274.789480
1000000	13000000	4566.812261
2000000	13000000	3731.499441
3000000	13000000	5701.608284
4000000	13000000	5916.957634
5000000	13000000	7240.616869
6000000	13000000	5303.616116
7000000	13000000	5460.126696
8000000	13000000	7741.690448
9000000	13000000	7036.857962
10000000	13000000	11162.686027
11000000	13000000	16351.983853
12000000	13000000	51705.543872
13000000	13000000	411885.337137
0	14000000	4850.375485
1000000	14000000	4374.252138
2000000	14000000	3917.154685
3000000	14000000	5115.055357
4000000	14000000	5743.904689
5000000	14000000	5842.521848
6000000	14000000	5145.232481
7000000	14000000	5252.292493
8000000	14000000	6191.829327
9000000	14000000	4504.170446
10000000	14000000	8973.632011
11000000	14000000	10777.961687
12000000	14000000	14853.570041
13000000	14000000	113431.254076
14000000	14000000	416350.296933
0	15000000	4044.597771
1000000	15000000	2859.598949
2000000	15000000	2313.441626
3000000	15000000	4401.815851
4000000	15000000	4485.513696
5000000	15000000	6970.132160
6000000	15000000	3776.367553
7000000	15000000	3475.884121
8000000	15000000	5429.617920
9000000	15000000	4851.725962
10000000	15000000	5334.343200
11000000	15000000	5447.871219
12000000	15000000	5885.462593
13000000	15000000	36487.079414
14000000	15000000	80151.896996
15000000	15000000	436018.891040
0	16000000	3807.295560
1000000	16000000	3650.149968
2000000	16000000	3313.611027
3000000	16000000	4512.127482
4000000	16000000	4862.303405
5000000	16000000	5391.250179
6000000	16000000	4362.913034
7000000	16000000	4171.470290
8000000	16000000	4679.081771
9000000	16000000	3132.933196
10000000	16000000	5971.153902
11000000	16000000	6529.097791
12000000	16000000	6476.841279
13000000	16000000	20621.308665
14000000	16000000	32829.060650
15000000	16000000	105480.899502
16000000	16000000	423817.258365
0	17000000	4619.951723
1000000	17000000	5069.421716
2000000	17000000	4155.627828
3000000	17000000	5427.990959
4000000	17000000	5705.470035
5000000	17000000	5227.357309
6000000	17000000	5571.565573
7000000	17000000	5540.089969
8000000	17000000	4449.947032
9000000	17000000	2660.702413
10000000	17000000	7400.140634
11000000	17000000	7987.570772
12000000	17000000	7033.259492
13000000	17000000	13544.377741
14000000	17000000	17542.795251
15000000	17000000	23740.790527
16000000	17000000	100093.174926
17000000	17000000	444155.263328
0	18000000	5233.116891
1000000	18000000	5954.750634
2000000	18000000	4455.483901
3000000	18000000	5112.675767
4000000	18000000	5693.404051
5000000	18000000	4667.463701
6000000	18000000	5621.132955
7000000	18000000	6655.247552
8000000	18000000	5717.802902
9000000	18000000	2711.399798
10000000	18000000	10365.171891
11000000	18000000	8730.265703
12000000	18000000	6457.632988
13000000	18000000	8972.827095
14000000	18000000	10132.089913
15000000	18000000	8856.714649
16000000	18000000	16966.140496
17000000	18000000	80370.289465
18000000	18000000	463865.631149
0	19000000	3954.167064
1000000	19000000	3033.301496
2000000	19000000	2398.568314
3000000	19000000	3178.377067
4000000	19000000	3606.714186
5000000	19000000	3302.509923
6000000	19000000	3723.721624
7000000	19000000	5434.248378
8000000	19000000	9101.493574
9000000	19000000	9349.047009
10000000	19000000	10555.745877
11000000	19000000	7662.763923
12000000	19000000	7413.741700
13000000	19000000	6532.942293
14000000	19000000	6887.489338
15000000	19000000	6214.244488
16000000	19000000	8346.723799
17000000	19000000	13134.079381
18000000	19000000	76827.396546
19000000	19000000	381919.114418
0	20000000	1618.963228
1000000	20000000	603.511237
2000000	20000000	673.410243
3000000	20000000	657.058870
4000000	20000000	703.665245
5000000	20000000	1007.328161
6000000	20000000	987.796761
7000000	20000000	1203.009158
8000000	20000000	5421.962300
9000000	20000000	15883.112773
10000000	20000000	2126.865100
11000000	20000000	2961.058246
12000000	20000000	5294.060524
13000000	20000000	2259.751055
14000000	20000000	1999.556335
15000000	20000000	2488.156598
16000000	20000000	2144.024376
17000000	20000000	2451.963291
18000000	20000000	3721.249620
19000000	20000000	68805.338157
20000000	20000000	337553.134163
0	21000000	1757.432398
1000000	21000000	671.734646
2000000	21000000	824.131448
3000000	21000000	853.818726
4000000	21000000	845.706796
5000000	21000000	1086.881004
6000000	21000000	1191.109195
7000000	21000000	1444.278837
8000000	21000000	5556.039867
9000000	21000000	14859.653651
10000000	21000000	2557.529015
11000000	21000000	3406.107866
12000000	21000000	5582.343420
13000000	21000000	2447.855023
14000000	21000000	2181.452835
15000000	21000000	2374.772005
16000000	21000000	2218.268898
17000000	21000000	2400.138793
18000000	21000000	3506.025600
19000000	21000000	34571.884728
20000000	21000000	133692.311212
21000000	21000000	332301.016749
0	22000000	1280.385607
1000000	22000000	406.791583
2000000	22000000	462.982325
3000000	22000000	521.254474
4000000	22000000	532.227450
5000000	22000000	868.654754
6000000	22000000	744.540466
7000000	22000000	805.417416
8000000	22000000	5187.644553
9000000	22000000	14100.496455
10000000	22000000	1332.450193
11000000	22000000	1931.134170
12000000	22000000	3283.367401
13000000	22000000	2043.369175
14000000	22000000	1464.397970
15000000	22000000	2297.396336
16000000	22000000	1525.595268
17000000	22000000	1458.289811
18000000	22000000	1839.789815
19000000	22000000	13473.066316
20000000	22000000	68550.053577
21000000	22000000	95851.429920
22000000	22000000	334232.102641
0	23000000	1534.917488
1000000	23000000	486.020015
2000000	23000000	632.713475
3000000	23000000	646.931684
4000000	23000000	679.319746
5000000	23000000	963.019463
6000000	23000000	885.590537
7000000	23000000	1037.392667
8000000	23000000	5319.413045
9000000	23000000	14639.230663
10000000	23000000	1823.828666
11000000	23000000	2592.628303
12000000	23000000	4324.316864
13000000	23000000	2153.307181
14000000	23000000	1708.596951
15000000	23000000	2084.912391
16000000	23000000	1586.495921
17000000	23000000	1552.482748
18000000	23000000	2162.593760
19000000	23000000	13771.000591
20000000	23000000	37446.814013
21000000	23000000	45551.189747
22000000	23000000	98522.942160
23000000	23000000	326832.094989
0	24000000	1299.844703
1000000	24000000	433.905729
2000000	24000000	511.783521
3000000	24000000	622.704945
4000000	24000000	618.824827
5000000	24000000	889.452309
6000000	24000000	823.505796
7000000	24000000	895.503385
8000000	24000000	4543.339103
9000000	24000000	11666.971665
10000000	24000000	1485.707520
11000000	24000000	2149.645387
12000000	24000000	3324.525376
13000000	24000000	1860.013298
14000000	24000000	1454.389327
15000000	24000000	1858.442428
16000000	24000000	1352.676407
17000000	24000000	1255.826036
18000000	24000000	1629.713381
19000000	24000000	8696.681298
20000000	24000000	23481.043400
21000000	24000000	27617.541940
22000000	24000000	53044.886230
23000000	24000000	134842.998141
24000000	24000000	427856.124767
0	27000000	444.574453
1000000	27000000	124.480515
2000000	27000000	210.052215
3000000	27000000	242.804802
4000000	27000000	166.226539
5000000	27000000	388.173391
6000000	27000000	175.532560
7000000	27000000	356.983584
8000000	27000000	2422.850609
9000000	27000000	6006.378538
10000000	27000000	457.734896
11000000	27000000	602.047643
12000000	27000000	1144.051612
13000000	27000000	837.513759
14000000	27000000	525.534154
15000000	27000000	606.057152
16000000	27000000	393.946300
17000000	27000000	335.909618
18000000	27000000	360.860860
19000000	27000000	1612.445385
20000000	27000000	8528.029026
21000000	27000000	7059.338403
22000000	27000000	15718.086572
23000000	27000000	12018.662583
24000000	27000000	13339.470297
27000000	27000000	531262.517192
0	28000000	1045.140341
1000000	28000000	286.698463
2000000	28000000	298.617590
3000000	28000000	381.048647
4000000	28000000	385.962398
5000000	28000000	750.103294
6000000	28000000	446.249306
7000000	28000000	557.429416
8000000	28000000	3978.219996
9000000	28000000	8229.287270
10000000	28000000	1021.733703
11000000	28000000	970.736860
12000000	28000000	1404.638793
13000000	28000000	1389.201730
14000000	28000000	923.425549
15000000	28000000	1448.770834
16000000	28000000	819.050719
17000000	28000000	640.513030
18000000	28000000	725.270863
19000000	28000000	3033.927325
20000000	28000000	9498.603469
21000000	28000000	8684.563574
22000000	28000000	14924.715109
23000000	28000000	12539.710569
24000000	28000000	11932.712140
27000000	28000000	94074.795377
28000000	28000000	360994.870740
0	29000000	1164.872272
1000000	29000000	281.395846
2000000	29000000	296.849040
3000000	29000000	353.475603
4000000	29000000	398.185958
5000000	29000000	872.939832
6000000	29000000	473.813484
7000000	29000000	500.879086
8000000	29000000	4334.574734
9000000	29000000	7555.458918
10000000	29000000	1050.406718
11000000	29000000	815.233719
12000000	29000000	997.305036
13000000	29000000	1516.999130
14000000	29000000	910.459211
15000000	29000000	1652.151398
16000000	29000000	862.933061
17000000	29000000	626.712173
18000000	29000000	779.617900
19000000	29000000	2681.946035
20000000	29000000	8090.447908
21000000	29000000	7136.602357
22000000	29000000	12581.121080
23000000	29000000	10253.871760
24000000	29000000	10018.813399
27000000	29000000	40318.622220
28000000	29000000	107443.468747
29000000	29000000	339890.885116
0	30000000	1634.723140
1000000	30000000	693.745841
2000000	30000000	615.644097
3000000	30000000	769.667145
4000000	30000000	943.506304
5000000	30000000	1562.995121
6000000	30000000	978.472461
7000000	30000000	1262.176395
8000000	30000000	5493.135074
9000000	30000000	4740.328531
10000000	30000000	2546.965922
11000000	30000000	1331.812788
12000000	30000000	1240.420224
13000000	30000000	2384.309876
14000000	30000000	1925.983772
15000000	30000000	2584.293856
16000000	30000000	1729.595828
17000000	30000000	1491.545676
18000000	30000000	1965.174559
19000000	30000000	4809.527008
20000000	30000000	4075.027972
21000000	30000000	4497.164064
22000000	30000000	4165.578531
23000000	30000000	5356.386750
24000000	30000000	5701.774878
27000000	30000000	9498.421728
28000000	30000000	27328.848949
29000000	30000000	72422.269651
30000000	30000000	380704.602525
0	31000000	950.193158
1000000	31000000	287.477433
2000000	31000000	213.435922
3000000	31000000	377.085148
4000000	31000000	347.804068
5000000	31000000	821.492373
6000000	31000000	387.842949
7000000	31000000	425.333710
8000000	31000000	3756.527763
9000000	31000000	6095.824579
10000000	31000000	756.242659
11000000	31000000	628.946437
12000000	31000000	776.110508
13000000	31000000	1367.912017
14000000	31000000	836.453463
15000000	31000000	1619.177825
16000000	31000000	736.350966
17000000	31000000	560.267807
18000000	31000000	600.044086
19000000	31000000	1955.270342
20000000	31000000	6659.385491
21000000	31000000	5447.653396
22000000	31000000	11248.438747
23000000	31000000	8576.484621
24000000	31000000	8258.931355
27000000	31000000	18907.491252
28000000	31000000	33679.997162
29000000	31000000	51947.112596
30000000	31000000	74587.470986
31000000	31000000	335751.353100
0	32000000	1132.325209
1000000	32000000	381.649533
2000000	32000000	301.140828
3000000	32000000	477.654783
4000000	32000000	490.871629
5000000	32000000	1094.279442
6000000	32000000	528.719621
7000000	32000000	700.919236
8000000	32000000	4282.360045
9000000	32000000	6238.490382
10000000	32000000	1237.774643
11000000	32000000	885.935384
12000000	32000000	929.609437
13000000	32000000	1572.544022
14000000	32000000	1148.208925
15000000	32000000	1786.305585
16000000	32000000	950.056481
17000000	32000000	780.917908
18000000	32000000	893.193564
19000000	32000000	2811.387885
20000000	32000000	6676.066934
21000000	32000000	5673.925935
22000000	32000000	10144.332770
23000000	32000000	8307.946099
24000000	32000000	8105.626494
27000000	32000000	14953.436185
28000000	32000000	26719.844662
29000000	32000000	38040.248157
30000000	32000000	46123.109989
31000000	32000000	134361.800481
32000000	32000000	325557.294650
0	33000000	1686.112274
1000000	33000000	764.283157
2000000	33000000	629.700083
3000000	33000000	1003.125495
4000000	33000000	1306.484074
5000000	33000000	2035.748522
6000000	33000000	1167.274166
7000000	33000000	1625.674840
8000000	33000000	4927.552437
9000000	33000000	3253.326870
10000000	33000000	2534.383645
11000000	33000000	1427.435689
12000000	33000000	1093.409770
13000000	33000000	2586.512496
14000000	33000000	2146.977185
15000000	33000000	3102.603440
16000000	33000000	2145.931208
17000000	33000000	1808.130365
18000000	33000000	2520.647092
19000000	33000000	4882.378210
20000000	33000000	2526.803565
21000000	33000000	2901.872833
22000000	33000000	2460.505192
23000000	33000000	3148.317560
24000000	33000000	3391.866538
27000000	33000000	3347.188609
28000000	33000000	8882.317888
29000000	33000000	13963.666213
30000000	33000000	36787.790042
31000000	33000000	28985.824110
32000000	33000000	67293.308057
33000000	33000000	387536.255137
0	34000000	1892.403175
1000000	34000000	859.592357
2000000	34000000	725.555663
3000000	34000000	1184.764246
4000000	34000000	1405.680455
5000000	34000000	2316.505392
6000000	34000000	1273.918696
7000000	34000000	1708.819166
8000000	34000000	5507.534573
9000000	34000000	3735.287018
10000000	34000000	2929.843469
11000000	34000000	1625.256542
12000000	34000000	1180.355226
13000000	34000000	2974.237094
14000000	34000000	2403.440477
15000000	34000000	3617.007173
16000000	34000000	2414.304998
17000000	34000000	2009.316015
18000000	34000000	2691.607907
19000000	34000000	4595.246774
20000000	34000000	2489.680191
21000000	34000000	2616.728633
22000000	34000000	2783.927023
23000000	34000000	3187.601041
24000000	34000000	3326.870524
27000000	34000000	3578.917288
28000000	34000000	8615.377658
29000000	34000000	13177.774378
30000000	34000000	24453.160778
31000000	34000000	19610.478904
32000000	34000000	26644.873062
33000000	34000000	113728.887769
34000000	34000000	392075.203642
0	35000000	3123.741309
1000000	35000000	1708.811217
2000000	35000000	1561.368996
3000000	35000000	1798.303180
4000000	35000000	1985.012779
5000000	35000000	2163.236321
6000000	35000000	2226.808903
7000000	35000000	3141.632910
8000000	35000000	6428.493388
9000000	35000000	6615.559718
10000000	35000000	4704.815836
11000000	35000000	3229.609862
12000000	35000000	2823.974049
13000000	35000000	3201.716690
14000000	35000000	2916.612897
15000000	35000000	2831.501603
16000000	35000000	2684.895617
17000000	35000000	3102.004064
18000000	35000000	4400.717003
19000000	35000000	7233.280936
20000000	35000000	4428.635422
21000000	35000000	4575.734359
22000000	35000000	3884.486412
23000000	35000000	4756.035620
24000000	35000000	4364.387869
27000000	35000000	3611.529785
28000000	35000000	7362.371578
29000000	35000000	8628.121847
30000000	35000000	11520.721468
31000000	35000000	9575.318682
32000000	35000000	12180.821006
33000000	35000000	20958.674128
34000000	35000000	54857.660073
35000000	35000000	384598.355153
0	36000000	3661.066839
1000000	36000000	2489.033101
2000000	36000000	1892.448204
3000000	36000000	2363.603905
4000000	36000000	2505.013240
5000000	36000000	2226.765418
6000000	36000000	2472.759040
7000000	36000000	3349.340486
8000000	36000000	6164.551999
9000000	36000000	6131.587329
10000000	36000000	6068.922997
11000000	36000000	4382.950271
12000000	36000000	3947.644074
13000000	36000000	3094.609505
14000000	36000000	2997.571212
15000000	36000000	2351.034908
16000000	36000000	2672.703039
17000000	36000000	3658.725685
18000000	36000000	5587.965452
19000000	36000000	8712.291215
20000000	36000000	3479.188156
21000000	36000000	4028.997618
22000000	36000000	2655.204610
23000000	36000000	3785.531433
24000000	36000000	3203.300789
27000000	36000000	2616.505749
28000000	36000000	4098.796375
29000000	36000000	3988.612253
30000000	36000000	5962.582073
31000000	36000000	3746.878853
32000000	36000000	5358.027858
33000000	36000000	8706.647941
34000000	36000000	12922.093357
35000000	36000000	83629.794041
36000000	36000000	364554.395720
0	37000000	1881.927185
1000000	37000000	807.763321
2000000	37000000	1017.204337
3000000	37000000	846.532479
4000000	37000000	784.395754
5000000	37000000	856.336768
6000000	37000000	1084.988547
7000000	37000000	1339.939319
8000000	37000000	4289.253567
9000000	37000000	11978.779501
10000000	37000000	1878.782770
11000000	37000000	3324.746415
12000000	37000000	6147.360946
13000000	37000000	1467.040401
14000000	37000000	1250.777743
15000000	37000000	1095.328757
16000000	37000000	1057.031831
17000000	37000000	1156.143933
18000000	37000000	1465.878721
19000000	37000000	6162.773659
20000000	37000000	9738.582649
21000000	37000000	10097.670411
22000000	37000000	7932.482962
23000000	37000000	10061.057591
24000000	37000000	7813.506479
27000000	37000000	6390.588445
28000000	37000000	7913.465062
29000000	37000000	6655.452150
30000000	37000000	4385.609871
31000000	37000000	5980.171757
32000000	37000000	6845.804021
33000000	37000000	4479.029103
34000000	37000000	5826.302016
35000000	37000000	17881.354404
36000000	37000000	84370.439969
37000000	37000000	388144.084419
0	38000000	2194.698117
1000000	38000000	1274.083753
2000000	38000000	1170.449213
3000000	38000000	1533.168482
4000000	38000000	1602.079387
5000000	38000000	1738.554090
6000000	38000000	1742.405884
7000000	38000000	2227.022878
8000000	38000000	5010.642026
9000000	38000000	5807.443732
10000000	38000000	3226.731944
11000000	38000000	2971.256225
12000000	38000000	3136.246974
13000000	38000000	2659.166127
14000000	38000000	2253.248349
15000000	38000000	1995.238128
16000000	38000000	2054.575822
17000000	38000000	2212.798315
18000000	38000000	3050.343774
19000000	38000000	5209.009312
20000000	38000000	3791.488070
21000000	38000000	4079.546427
22000000	38000000	3076.279684
23000000	38000000	4025.610054
24000000	38000000	3589.409583
27000000	38000000	3050.915608
28000000	38000000	4750.032598
29000000	38000000	4898.014177
30000000	38000000	6486.162343
31000000	38000000	4557.248287
32000000	38000000	5518.786589
33000000	38000000	8121.515435
34000000	38000000	9927.345968
35000000	38000000	16298.213580
36000000	38000000	32291.651607
37000000	38000000	82252.328482
38000000	38000000	369323.984415
0	39000000	2902.099677
1000000	39000000	2645.626285
2000000	39000000	2105.742485
3000000	39000000	2726.150733
4000000	39000000	3014.015837
5000000	39000000	2805.599895
6000000	39000000	2883.096020
7000000	39000000	3504.361158
8000000	39000000	3765.689538
9000000	39000000	1680.667344
10000000	39000000	4496.439604
11000000	39000000	3235.242636
12000000	39000000	2254.439529
13000000	39000000	3375.134678
14000000	39000000	3252.179726
15000000	39000000	2691.708915
16000000	39000000	3148.911040
17000000	39000000	4002.312137
18000000	39000000	5276.034595
19000000	39000000	4766.934178
20000000	39000000	769.980089
21000000	39000000	957.959010
22000000	39000000	565.802157
23000000	39000000	771.377113
24000000	39000000	702.131210
27000000	39000000	642.961987
28000000	39000000	1265.054672
29000000	39000000	1409.162123
30000000	39000000	3112.600610
31000000	39000000	1446.419646
32000000	39000000	1963.279202
33000000	39000000	4708.785189
34000000	39000000	5486.594936
35000000	39000000	9366.927294
36000000	39000000	15842.384776
37000000	39000000	7606.196378
38000000	39000000	85053.465656
39000000	39000000	428801.196840
0	40000000	2821.392534
1000000	40000000	2511.929557
2000000	40000000	2310.039221
3000000	40000000	2908.048148
4000000	40000000	3097.049971
5000000	40000000	2917.875165
6000000	40000000	2975.335390
7000000	40000000	3226.690032
8000000	40000000	3201.621807
9000000	40000000	1948.459314
10000000	40000000	3455.618115
11000000	40000000	3422.910011
12000000	40000000	3039.657604
13000000	40000000	3251.137139
14000000	40000000	3237.720936
15000000	40000000	2886.473089
16000000	40000000	3164.032689
17000000	40000000	3809.115951
18000000	40000000	4227.859563
19000000	40000000	3757.269603
20000000	40000000	873.824476
21000000	40000000	1252.426370
22000000	40000000	692.060164
23000000	40000000	1003.756406
24000000	40000000	915.915771
27000000	40000000	768.698526
28000000	40000000	1311.262802
29000000	40000000	1439.636480
30000000	40000000	2657.596970
31000000	40000000	1382.219484
32000000	40000000	1767.050520
33000000	40000000	3621.921424
34000000	40000000	4185.215471
35000000	40000000	6816.801404
36000000	40000000	9627.818410
37000000	40000000	6817.312104
38000000	40000000	19036.811606
39000000	40000000	88086.229760
40000000	40000000	431183.626209
0	41000000	3060.890898
1000000	41000000	2495.978008
2000000	41000000	1850.806326
3000000	41000000	2860.678097
4000000	41000000	3204.510806
5000000	41000000	3662.410903
6000000	41000000	2459.269059
7000000	41000000	2573.826697
8000000	41000000	3434.066386
9000000	41000000	1973.965837
10000000	41000000	3221.897573
11000000	41000000	2540.403873
12000000	41000000	1924.614912
13000000	41000000	4205.011848
14000000	41000000	3537.397155
15000000	41000000	4156.371888
16000000	41000000	3650.942452
17000000	41000000	3815.805864
18000000	41000000	3893.104754
19000000	41000000	3313.943468
20000000	41000000	793.432724
21000000	41000000	868.258613
22000000	41000000	766.446243
23000000	41000000	818.633686
24000000	41000000	880.803612
27000000	41000000	784.425209
28000000	41000000	1700.617740
29000000	41000000	2017.712211
30000000	41000000	3691.604458
31000000	41000000	2096.306385
32000000	41000000	2601.019556
33000000	41000000	5061.900110
34000000	41000000	6353.058514
35000000	41000000	6326.727823
36000000	41000000	7394.779703
37000000	41000000	3715.702483
38000000	41000000	11723.874582
39000000	41000000	23694.720722
40000000	41000000	90371.228000
41000000	41000000	404623.078812
0	42000000	3320.049874
1000000	42000000	2593.913277
2000000	42000000	1901.829480
3000000	42000000	2900.898983
4000000	42000000	3218.982202
5000000	42000000	3486.688572
6000000	42000000	2483.408022
7000000	42000000	2864.671775
8000000	42000000	3847.013922
9000000	42000000	1922.087142
10000000	42000000	3841.357527
11000000	42000000	2393.348038
12000000	42000000	1841.032090
13000000	42000000	4033.385747
14000000	42000000	3700.863594
15000000	42000000	3992.746699
16000000	42000000	3631.005377
17000000	42000000	3457.581640
18000000	42000000	4203.909288
19000000	42000000	3990.144504
20000000	42000000	720.256750
21000000	42000000	977.878635
22000000	42000000	590.359525
23000000	42000000	875.438349
24000000	42000000	767.426172
27000000	42000000	621.600320
28000000	42000000	1388.187081
29000000	42000000	1776.247751
30000000	42000000	4250.059152
31000000	42000000	1677.718628
32000000	42000000	2422.996182
33000000	42000000	6088.136652
34000000	42000000	6776.430070
35000000	42000000	7226.560783
36000000	42000000	8378.532874
37000000	42000000	3170.747622
38000000	42000000	10587.752705
39000000	42000000	18430.875944
40000000	42000000	23897.498382
41000000	42000000	91064.906290
42000000	42000000	393693.522069
0	43000000	2177.783985
1000000	43000000	945.783361
2000000	43000000	728.205321
3000000	43000000	1405.623998
4000000	43000000	1509.377099
5000000	43000000	2789.723300
6000000	43000000	1281.390590
7000000	43000000	1330.232570
8000000	43000000	4740.258367
9000000	43000000	4551.018845
10000000	43000000	2079.635748
11000000	43000000	1382.629486
12000000	43000000	1138.439978
13000000	43000000	3647.538992
14000000	43000000	2637.396234
15000000	43000000	4610.923840
16000000	43000000	2345.550271
17000000	43000000	1715.878081
18000000	43000000	1565.635970
19000000	43000000	2525.891057
20000000	43000000	2479.064983
21000000	43000000	2250.929214
22000000	43000000	2779.014744
23000000	43000000	2785.081351
24000000	43000000	3023.126027
27000000	43000000	3028.700177
28000000	43000000	5926.538556
29000000	43000000	7611.551940
30000000	43000000	9831.393204
31000000	43000000	8071.726136
32000000	43000000	8252.881303
33000000	43000000	10988.555321
34000000	43000000	13017.498296
35000000	43000000	8188.315669
36000000	43000000	5540.508339
37000000	43000000	4979.225636
38000000	43000000	11166.308381
39000000	43000000	8035.199791
40000000	43000000	9548.266632
41000000	43000000	24156.273626
42000000	43000000	79231.868612
43000000	43000000	376926.725659
0	44000000	2940.891514
1000000	44000000	1517.590497
2000000	44000000	1706.142970
3000000	44000000	1759.602444
4000000	44000000	1921.596398
5000000	44000000	1944.970813
6000000	44000000	1820.495745
7000000	44000000	2281.572610
8000000	44000000	4866.276934
9000000	44000000	7159.140326
10000000	44000000	3227.234636
11000000	44000000	3443.949558
12000000	44000000	4389.042861
13000000	44000000	2732.813547
14000000	44000000	2576.001718
15000000	44000000	2096.424369
16000000	44000000	2039.961495
17000000	44000000	2003.555066
18000000	44000000	2281.652123
19000000	44000000	4627.290864
20000000	44000000	4102.109319
21000000	44000000	4717.729056
22000000	44000000	3438.757681
23000000	44000000	4550.654996
24000000	44000000	4040.431750
27000000	44000000	2577.725942
28000000	44000000	4510.265741
29000000	44000000	4228.096395
30000000	44000000	5012.702336
31000000	44000000	3674.046285
32000000	44000000	4358.574268
33000000	44000000	4886.355552
34000000	44000000	5647.559579
35000000	44000000	8804.749336
36000000	44000000	8832.142893
37000000	44000000	13756.957701
38000000	44000000	11199.245509
39000000	44000000	6326.361365
40000000	44000000	9218.791027
41000000	44000000	11106.929133
42000000	44000000	17624.403490
43000000	44000000	79462.161415
44000000	44000000	395435.363684
0	45000000	3370.234238
1000000	45000000	2892.997138
2000000	45000000	2274.253321
3000000	45000000	2869.241564
4000000	45000000	3206.685089
5000000	45000000	2964.638104
6000000	45000000	2776.353660
7000000	45000000	3243.296336
8000000	45000000	4834.630399
9000000	45000000	3026.382077
10000000	45000000	4489.956727
11000000	45000000	3531.086842
12000000	45000000	2717.797533
13000000	45000000	3744.210072
14000000	45000000	3353.468421
15000000	45000000	2861.837439
16000000	45000000	3101.790683
17000000	45000000	3626.668166
18000000	45000000	4442.477197
19000000	45000000	4776.681266
20000000	45000000	1372.332257
21000000	45000000	1550.704952
22000000	45000000	1110.881727
23000000	45000000	1526.970776
24000000	45000000	1394.821121
27000000	45000000	1001.532060
28000000	45000000	2084.959790
29000000	45000000	2234.843940
30000000	45000000	3972.138217
31000000	45000000	2103.773288
32000000	45000000	2688.859592
33000000	45000000	4636.174907
34000000	45000000	5335.784289
35000000	45000000	6658.911288
36000000	45000000	7579.690301
37000000	45000000	4289.408267
38000000	45000000	7731.308901
39000000	45000000	8394.541034
40000000	45000000	8519.742368
41000000	45000000	11661.368023
42000000	45000000	17345.234515
43000000	45000000	23087.700200
44000000	45000000	60127.415264
45000000	45000000	418173.324400
0	46000000	3523.268884
1000000	46000000	3584.359395
2000000	46000000	2765.122441
3000000	46000000	3885.383033
4000000	46000000	4096.985702
5000000	46000000	4267.722902
6000000	46000000	3139.287129
7000000	46000000	3148.041540
8000000	46000000	3019.076716
9000000	46000000	1519.677088
10000000	46000000	3744.385491
11000000	46000000	3136.945527
12000000	46000000	2258.151260
13000000	46000000	4182.242235
14000000	46000000	3737.288840
15000000	46000000	4077.798956
16000000	46000000	3754.930299
17000000	46000000	4207.858939
18000000	46000000	4536.222796
19000000	46000000	3137.082614
20000000	46000000	588.484910
21000000	46000000	732.579040
22000000	46000000	444.524558
23000000	46000000	644.927553
24000000	46000000	582.661772
27000000	46000000	452.863719
28000000	46000000	1043.325326
29000000	46000000	1237.571273
30000000	46000000	2480.043694
31000000	46000000	1273.243762
32000000	46000000	1595.230827
33000000	46000000	3291.329777
34000000	46000000	3878.797442
35000000	46000000	4152.419673
36000000	46000000	4960.747304
37000000	46000000	2023.085419
38000000	46000000	4592.695942
39000000	46000000	7208.727523
40000000	46000000	7523.528817
41000000	46000000	10687.457320
42000000	46000000	13128.523189
43000000	46000000	11155.902938
44000000	46000000	11909.610992
45000000	46000000	71058.242075
46000000	46000000	432454.989031
0	47000000	3000.057463
1000000	47000000	3248.715270
2000000	47000000	2644.443737
3000000	47000000	3399.024140
4000000	47000000	4013.382697
5000000	47000000	3365.509499
6000000	47000000	3053.064031
7000000	47000000	2946.373838
8000000	47000000	2573.990856
9000000	47000000	1110.732250
10000000	47000000	3359.792303
11000000	47000000	3008.411489
12000000	47000000	2105.420583
13000000	47000000	3328.481614
14000000	47000000	3525.877077
15000000	47000000	2777.000033
16000000	47000000	3281.415397
17000000	47000000	3868.590222
18000000	47000000	4036.211977
19000000	47000000	2702.439693
20000000	47000000	482.502410
21000000	47000000	555.849262
22000000	47000000	305.220625
23000000	47000000	449.752879
24000000	47000000	425.483782
27000000	47000000	267.309727
28000000	47000000	689.204159
29000000	47000000	701.780149
30000000	47000000	1697.905790
31000000	47000000	721.477279
32000000	47000000	1002.296126
33000000	47000000	2517.617804
34000000	47000000	2832.058365
35000000	47000000	3274.975251
36000000	47000000	3917.686987
37000000	47000000	1657.399734
38000000	47000000	3590.522151
39000000	47000000	5900.449858
40000000	47000000	6094.829850
41000000	47000000	7499.071169
42000000	47000000	8766.068401
43000000	47000000	5857.568251
44000000	47000000	7159.252653
45000000	47000000	18607.510807
46000000	47000000	85274.686731
47000000	47000000	458782.568938
0	48000000	3551.321413
1000000	48000000	3075.246704
2000000	48000000	2283.945580
3000000	48000000	3818.726412
4000000	48000000	4057.289748
5000000	48000000	4178.232239
6000000	48000000	2876.920450
7000000	48000000	2665.774642
8000000	48000000	3083.077423
9000000	48000000	1904.071220
10000000	48000000	3064.452349
11000000	48000000	2714.449387
12000000	48000000	1916.070670
13000000	48000000	4021.401740
14000000	48000000	3529.229489
15000000	48000000	3936.494848
16000000	48000000	3521.748316
17000000	48000000	3690.176673
18000000	48000000	3471.980010
19000000	48000000	2638.121036
20000000	48000000	706.492969
21000000	48000000	869.413214
22000000	48000000	666.767126
23000000	48000000	800.226199
24000000	48000000	819.799467
27000000	48000000	746.713400
28000000	48000000	1381.819064
29000000	48000000	1437.691328
30000000	48000000	2548.383472
31000000	48000000	1532.256997
32000000	48000000	1921.079879
33000000	48000000	3410.846490
34000000	48000000	3828.901153
35000000	48000000	3715.372913
36000000	48000000	4149.846898
37000000	48000000	1996.481420
38000000	48000000	4061.678209
39000000	48000000	5481.351445
40000000	48000000	5845.183198
41000000	48000000	7915.144976
42000000	48000000	8841.862132
43000000	48000000	8635.900722
44000000	48000000	7683.763204
45000000	48000000	13774.784964
46000000	48000000	28555.011717
47000000	48000000	95574.235723
48000000	48000000	420768.601198
0	49000000	4561.187731
1000000	49000000	4783.756875
2000000	49000000	3645.950490
3000000	49000000	4510.142930
4000000	49000000	4814.130960
5000000	49000000	3681.632028
6000000	49000000	3681.344285
7000000	49000000	3774.970105
8000000	49000000	3034.926182
9000000	49000000	1512.279347
10000000	49000000	4036.738896
11000000	49000000	3721.261855
12000000	49000000	3030.531303
13000000	49000000	3590.679895
14000000	49000000	3581.417492
15000000	49000000	2737.157036
16000000	49000000	3295.142338
17000000	49000000	4653.492724
18000000	49000000	4873.163409
19000000	49000000	3238.306521
20000000	49000000	528.316190
21000000	49000000	684.974669
22000000	49000000	386.365610
23000000	49000000	591.782703
24000000	49000000	557.521743
27000000	49000000	386.641501
28000000	49000000	597.239468
29000000	49000000	696.224815
30000000	49000000	1545.354203
31000000	49000000	670.305399
32000000	49000000	938.896339
33000000	49000000	2073.378088
34000000	49000000	2238.143920
35000000	49000000	3690.615188
36000000	49000000	4734.255609
37000000	49000000	1888.390705
38000000	49000000	3581.069712
39000000	49000000	5927.010911
40000000	49000000	6091.389801
41000000	49000000	6587.642815
42000000	49000000	7507.763507
43000000	49000000	4075.548869
44000000	49000000	5742.413992
45000000	49000000	11055.932789
46000000	49000000	16441.993473
47000000	49000000	21523.993743
48000000	49000000	82329.391905
49000000	49000000	456705.356059
0	50000000	5357.122918
1000000	50000000	4417.645882
2000000	50000000	3158.537445
3000000	50000000	4033.279584
4000000	50000000	4153.653381
5000000	50000000	3931.407557
6000000	50000000	3700.696205
7000000	50000000	3824.359100
8000000	50000000	4137.643934
9000000	50000000	2553.738017
10000000	50000000	4801.008156
11000000	50000000	3540.267047
12000000	50000000	2877.017805
13000000	50000000	4220.368808
14000000	50000000	3870.044337
15000000	50000000	3503.078364
16000000	50000000	3461.362938
17000000	50000000	4131.872687
18000000	50000000	4771.505316
19000000	50000000	3745.180866
20000000	50000000	906.617176
21000000	50000000	1094.450381
22000000	50000000	686.622469
23000000	50000000	991.719272
24000000	50000000	939.827397
27000000	50000000	720.233888
28000000	50000000	1417.558442
29000000	50000000	1512.723341
30000000	50000000	2809.370731
31000000	50000000	1399.490274
32000000	50000000	1809.885299
33000000	50000000	3219.685142
34000000	50000000	3763.342906
35000000	50000000	5188.608551
36000000	50000000	6022.062018
37000000	50000000	2443.458410
38000000	50000000	4504.844750
39000000	50000000	6834.999689
40000000	50000000	6496.198272
41000000	50000000	7685.278495
42000000	50000000	9045.392000
43000000	50000000	6869.304417
44000000	50000000	7426.333437
45000000	50000000	11567.377802
46000000	50000000	13414.845152
47000000	50000000	12719.586460
48000000	50000000	21015.006909
49000000	50000000	78550.911759
50000000	50000000	402385.666473
0	51000000	3854.985114
1000000	51000000	2004.379880
2000000	51000000	1526.248933
3000000	51000000	2560.758823
4000000	51000000	2637.639888
5000000	51000000	3618.171265
6000000	51000000	2249.177174
7000000	51000000	2669.952156
8000000	51000000	5538.229378
9000000	51000000	3571.274837
10000000	51000000	3851.571219
11000000	51000000	2377.105877
12000000	51000000	1772.861432
13000000	51000000	4294.020881
14000000	51000000	3195.986805
15000000	51000000	4380.514778
16000000	51000000	3092.293649
17000000	51000000	2873.377706
18000000	51000000	3263.827571
19000000	51000000	3875.239030
20000000	51000000	1361.029542
21000000	51000000	1377.920285
22000000	51000000	1201.851585
23000000	51000000	1467.017722
24000000	51000000	1412.428179
27000000	51000000	1341.444847
28000000	51000000	2911.026512
29000000	51000000	3586.446031
30000000	51000000	5780.063532
31000000	51000000	3323.773649
32000000	51000000	3802.663864
33000000	51000000	6412.976247
34000000	51000000	7630.453823
35000000	51000000	6719.437804
36000000	51000000	6044.407437
37000000	51000000	2822.586649
38000000	51000000	7246.899073
39000000	51000000	6850.540918
40000000	51000000	5864.365793
41000000	51000000	8591.392689
42000000	51000000	10496.996924
43000000	51000000	13200.486864
44000000	51000000	7944.172228
45000000	51000000	10758.017189
46000000	51000000	10751.182341
47000000	51000000	7819.823930
48000000	51000000	13429.985593
49000000	51000000	14446.746981
50000000	51000000	88145.605824
51000000	51000000	382997.152420
0	52000000	2489.329189
1000000	52000000	1105.352300
2000000	52000000	1144.486773
3000000	52000000	1208.792821
4000000	52000000	1221.595403
5000000	52000000	1333.674708
6000000	52000000	1393.183974
7000000	52000000	1667.231678
8000000	52000000	4619.897637
9000000	52000000	9027.295083
10000000	52000000	2527.246099
11000000	52000000	3162.057568
12000000	52000000	4927.189458
13000000	52000000	2007.059818
14000000	52000000	1651.291431
15000000	52000000	1452.901672
16000000	52000000	1340.765020
17000000	52000000	1416.405735
18000000	52000000	1686.029382
19000000	52000000	4579.515310
20000000	52000000	5721.706757
21000000	52000000	5704.121977
22000000	52000000	4745.027251
23000000	52000000	5790.544384
24000000	52000000	4774.863020
27000000	52000000	3501.448473
28000000	52000000	5246.534943
29000000	52000000	4586.612949
30000000	52000000	3800.594149
31000000	52000000	3660.802609
32000000	52000000	4063.762151
33000000	52000000	3239.584609
34000000	52000000	3620.549045
35000000	52000000	6138.702097
36000000	52000000	6798.351302
37000000	52000000	13983.996280
38000000	52000000	7905.820929
39000000	52000000	2923.549726
40000000	52000000	3585.413043
41000000	52000000	3314.829191
42000000	52000000	3528.376287
43000000	52000000	6300.310894
44000000	52000000	11534.525994
45000000	52000000	6098.438216
46000000	52000000	3742.040112
47000000	52000000	3130.583189
48000000	52000000	5055.044731
49000000	52000000	5378.402927
50000000	52000000	13189.909162
51000000	52000000	69099.135386
52000000	52000000	338537.823202
0	53000000	2214.092148
1000000	53000000	996.699851
2000000	53000000	1131.237524
3000000	53000000	906.183726
4000000	53000000	895.302390
5000000	53000000	953.834635
6000000	53000000	1186.089113
7000000	53000000	1535.279192
8000000	53000000	4313.587630
9000000	53000000	10064.298064
10000000	53000000	2222.178497
11000000	53000000	3177.693491
12000000	53000000	5051.582854
13000000	53000000	1440.171056
14000000	53000000	1305.434390
15000000	53000000	973.474080
16000000	53000000	1067.609800
17000000	53000000	1123.047579
18000000	53000000	1463.678403
19000000	53000000	4586.353704
20000000	53000000	6704.654592
21000000	53000000	6925.227531
22000000	53000000	5671.344211
23000000	53000000	7026.557813
24000000	53000000	5683.623217
27000000	53000000	4183.548751
28000000	53000000	5516.376875
29000000	53000000	4365.016684
30000000	53000000	3012.692333
31000000	53000000	3465.479680
32000000	53000000	3837.445665
33000000	53000000	2352.617831
34000000	53000000	2472.085348
35000000	53000000	5599.744505
36000000	53000000	6109.517379
37000000	53000000	14331.502371
38000000	53000000	6615.213113
39000000	53000000	2085.736792
40000000	53000000	2787.805183
41000000	53000000	2152.893975
42000000	53000000	2257.193976
43000000	53000000	3876.624402
44000000	53000000	10208.226840
45000000	53000000	4200.625871
46000000	53000000	2440.917012
47000000	53000000	2278.372131
48000000	53000000	3187.346850
49000000	53000000	3601.783129
50000000	53000000	6362.227683
51000000	53000000	11283.037311
52000000	53000000	125528.689569
53000000	53000000	360061.868210
0	54000000	3134.767137
1000000	54000000	1310.037165
2000000	54000000	1056.669014
3000000	54000000	1306.475552
4000000	54000000	1322.156847
5000000	54000000	1624.360864
6000000	54000000	1466.123673
7000000	54000000	1752.746157
8000000	54000000	6140.689523
9000000	54000000	9870.484525
10000000	54000000	3163.173555
11000000	54000000	2295.874075
12000000	54000000	2622.415478
13000000	54000000	2392.518327
14000000	54000000	1809.987289
15000000	54000000	2021.993985
16000000	54000000	1545.796591
17000000	54000000	1534.878804
18000000	54000000	1989.233624
19000000	54000000	4122.078197
20000000	54000000	5546.495705
21000000	54000000	5107.011628
22000000	54000000	6065.463875
23000000	54000000	5686.464609
24000000	54000000	4915.021198
27000000	54000000	5459.017950
28000000	54000000	7558.231218
29000000	54000000	7220.164691
30000000	54000000	5286.226431
31000000	54000000	6231.996085
32000000	54000000	6196.993687
33000000	54000000	4210.826871
34000000	54000000	4966.099814
35000000	54000000	7019.902789
36000000	54000000	6797.886012
37000000	54000000	9155.744687
38000000	54000000	6128.719975
39000000	54000000	3167.114748
40000000	54000000	3095.557740
41000000	54000000	3710.928511
42000000	54000000	4273.038657
43000000	54000000	7734.012890
44000000	54000000	8566.875033
45000000	54000000	5750.753476
46000000	54000000	3718.482708
47000000	54000000	2916.444083
48000000	54000000	4694.450843
49000000	54000000	4224.906579
50000000	54000000	9185.028215
51000000	54000000	17528.414200
52000000	54000000	39999.375073
53000000	54000000	91037.978289
54000000	54000000	325094.919037
0	55000000	4399.163409
1000000	55000000	2332.020679
2000000	55000000	1683.377603
3000000	55000000	2044.005066
4000000	55000000	2172.987539
5000000	55000000	2327.204796
6000000	55000000	2138.146133
7000000	55000000	2875.963320
8000000	55000000	6040.979497
9000000	55000000	5033.338286
10000000	55000000	4803.042361
11000000	55000000	2687.844640
12000000	55000000	2113.573005
13000000	55000000	2974.387019
14000000	55000000	2532.924843
15000000	55000000	2648.276029
16000000	55000000	2250.975814
17000000	55000000	2603.196935
18000000	55000000	3627.162713
19000000	55000000	5182.855951
20000000	55000000	2290.461047
21000000	55000000	2398.481468
22000000	55000000	2008.860063
23000000	55000000	2389.937925
24000000	55000000	2318.326853
27000000	55000000	1728.575446
28000000	55000000	3561.434851
29000000	55000000	3774.338943
30000000	55000000	5516.135233
31000000	55000000	3024.947051
32000000	55000000	3686.864063
33000000	55000000	4885.037043
34000000	55000000	5442.190341
35000000	55000000	6961.444912
36000000	55000000	7128.248435
37000000	55000000	3520.118096
38000000	55000000	5069.564554
39000000	55000000	4720.354527
40000000	55000000	4229.236821
41000000	55000000	4904.091791
42000000	55000000	6402.320308
43000000	55000000	7121.200304
44000000	55000000	6213.854409
45000000	55000000	6729.966792
46000000	55000000	5355.632229
47000000	55000000	4006.468690
48000000	55000000	5536.148042
49000000	55000000	5774.885396
50000000	55000000	10810.831672
51000000	55000000	15783.999128
52000000	55000000	11964.923476
53000000	55000000	13511.009102
54000000	55000000	72106.758658
55000000	55000000	404295.339993
0	56000000	3744.672813
1000000	56000000	1420.399628
2000000	56000000	1037.268528
3000000	56000000	1269.535331
4000000	56000000	1283.018077
5000000	56000000	1612.853971
6000000	56000000	1205.526320
7000000	56000000	1472.396945
8000000	56000000	6189.545946
9000000	56000000	9036.179741
10000000	56000000	3062.666038
11000000	56000000	1946.025424
12000000	56000000	2018.677763
13000000	56000000	2363.041976
14000000	56000000	1757.985611
15000000	56000000	1990.342316
16000000	56000000	1444.890304
17000000	56000000	1391.065688
18000000	56000000	1909.090180
19000000	56000000	4275.532226
20000000	56000000	5219.321738
21000000	56000000	4793.616539
22000000	56000000	5389.961825
23000000	56000000	5669.862269
24000000	56000000	4712.121253
27000000	56000000	4390.328803
28000000	56000000	7590.661431
29000000	56000000	8017.169898
30000000	56000000	7054.155524
31000000	56000000	6762.444147
32000000	56000000	7081.528160
33000000	56000000	5697.787907
34000000	56000000	6054.632880
35000000	56000000	7348.586028
36000000	56000000	6305.542608
37000000	56000000	7220.378281
38000000	56000000	5489.678356
39000000	56000000	2750.358673
40000000	56000000	2768.156075
41000000	56000000	3390.233203
42000000	56000000	3999.946792
43000000	56000000	8369.135511
44000000	56000000	7989.122821
45000000	56000000	5516.785108
46000000	56000000	3301.215411
47000000	56000000	2518.003343
48000000	56000000	4173.491334
49000000	56000000	3526.595624
50000000	56000000	7006.261142
51000000	56000000	11381.012197
52000000	56000000	14613.264944
53000000	56000000	17169.014162
54000000	56000000	39449.848511
55000000	56000000	93343.388125
56000000	56000000	340912.856012
0	57000000	3107.298682
1000000	57000000	886.737008
2000000	57000000	841.856581
3000000	57000000	857.977475
4000000	57000000	833.067993
5000000	57000000	1010.028835
6000000	57000000	904.978012
7000000	57000000	1133.657023
8000000	57000000	5096.813360
9000000	57000000	10797.982718
10000000	57000000	1967.182632
11000000	57000000	1966.604372
12000000	57000000	2649.215560
13000000	57000000	1535.837393
14000000	57000000	1170.644933
15000000	57000000	1155.518066
16000000	57000000	999.722860
17000000	57000000	928.153026
18000000	57000000	1244.730161
19000000	57000000	3662.277005
20000000	57000000	7518.630817
21000000	57000000	6726.915462
22000000	57000000	9139.239580
23000000	57000000	8146.834742
24000000	57000000	6804.645421
27000000	57000000	7153.685372
28000000	57000000	9783.323566
29000000	57000000	8911.314583
30000000	57000000	4906.791689
31000000	57000000	7723.103340
32000000	57000000	7677.998179
33000000	57000000	3404.561901
34000000	57000000	3865.589915
35000000	57000000	5984.881042
36000000	57000000	5433.769050
37000000	57000000	11068.784590
38000000	57000000	5783.808537
39000000	57000000	1739.496057
40000000	57000000	2038.677728
41000000	57000000	2088.162113
42000000	57000000	2160.693723
43000000	57000000	5767.929802
44000000	57000000	8596.968547
45000000	57000000	3681.729873
46000000	57000000	2064.247124
47000000	57000000	1597.016686
48000000	57000000	2543.293938
49000000	57000000	2234.656608
50000000	57000000	3890.368057
51000000	57000000	6071.676725
52000000	57000000	16562.672875
53000000	57000000	20732.495093
54000000	57000000	27231.716173
55000000	57000000	17321.350785
56000000	57000000	80244.828292
57000000	57000000	339710.133433
0	58000000	4325.801226
1000000	58000000	1515.672426
2000000	58000000	1496.153566
3000000	58000000	1329.821582
4000000	58000000	1234.635057
5000000	58000000	1109.002529
6000000	58000000	1383.515847
7000000	58000000	1850.862253
8000000	58000000	4012.874809
9000000	58000000	8055.028908
10000000	58000000	2723.687242
11000000	58000000	3325.222796
12000000	58000000	5058.139084
13000000	58000000	1581.945370
14000000	58000000	1440.192055
15000000	58000000	969.053682
16000000	58000000	1113.079673
17000000	58000000	1425.941852
18000000	58000000	2069.408249
19000000	58000000	5726.663466
20000000	58000000	5466.278819
21000000	58000000	5792.417435
22000000	58000000	4394.133032
23000000	58000000	6006.880665
24000000	58000000	4922.744328
27000000	58000000	3080.020328
28000000	58000000	4325.081271
29000000	58000000	3702.479724
30000000	58000000	3206.967579
31000000	58000000	2726.829213
32000000	58000000	3037.313711
33000000	58000000	2596.000551
34000000	58000000	2689.693601
35000000	58000000	5542.766638
36000000	58000000	6661.583872
37000000	58000000	13068.940711
38000000	58000000	5872.454620
39000000	58000000	2418.832242
40000000	58000000	2822.105153
41000000	58000000	2141.644250
42000000	58000000	2465.795863
43000000	58000000	3070.163052
44000000	58000000	8996.980952
45000000	58000000	3976.621708
46000000	58000000	2408.636665
47000000	58000000	2124.642738
48000000	58000000	2574.849059
49000000	58000000	3088.702375
50000000	58000000	4227.747087
51000000	58000000	4922.444275
52000000	58000000	16989.563468
53000000	58000000	18621.286758
54000000	58000000	13672.742287
55000000	58000000	11449.693121
56000000	58000000	29672.605630
57000000	58000000	115851.739347
58000000	58000000	348549.220009
0	59000000	5439.147711
1000000	59000000	2027.392640
2000000	59000000	1546.497052
3000000	59000000	1259.167217
4000000	59000000	1577.545103
5000000	59000000	1143.074724
6000000	59000000	1395.630048
7000000	59000000	1982.203735
8000000	59000000	2624.348853
9000000	59000000	2101.065594
10000000	59000000	3027.714217
11000000	59000000	2233.619838
12000000	59000000	2309.424346
13000000	59000000	1537.429871
14000000	59000000	1627.530023
15000000	59000000	1004.634813
16000000	59000000	1329.650114
17000000	59000000	1734.300548
18000000	59000000	2844.595560
19000000	59000000	4121.226329
20000000	59000000	1075.615264
21000000	59000000	1455.554973
22000000	59000000	560.259750
23000000	59000000	1152.418862
24000000	59000000	1088.365155
27000000	59000000	418.674536
28000000	59000000	955.603181
29000000	59000000	896.719869
30000000	59000000	2011.311214
31000000	59000000	594.627406
32000000	59000000	1108.600684
33000000	59000000	1772.557807
34000000	59000000	1986.580945
35000000	59000000	3224.045727
36000000	59000000	4555.849025
37000000	59000000	2767.456463
38000000	59000000	2895.393654
39000000	59000000	2963.706269
40000000	59000000	2536.410797
41000000	59000000	2166.295191
42000000	59000000	2861.296990
43000000	59000000	1433.175949
44000000	59000000	3996.949286
45000000	59000000	3480.948461
46000000	59000000	2652.575083
47000000	59000000	2355.634414
48000000	59000000	2737.437262
49000000	59000000	3581.093751
50000000	59000000	4495.659201
51000000	59000000	3928.568561
52000000	59000000	4623.652428
53000000	59000000	5079.144675
54000000	59000000	5750.775364
55000000	59000000	9186.908067
56000000	59000000	11620.275547
57000000	59000000	24030.651954
58000000	59000000	114059.661565
59000000	59000000	564018.115441
